[print-page-setup]
PPDName=A4
DisplayName=A4
Width=210
Height=297
MarginTop=4.0005094740125866
MarginBottom=4.0005000538296169
MarginLeft=4.0005000538296169
MarginRight=4.0005094740125866
Orientation=portrait
